% Test computer generated matlab file
x = [
-2.080517e+001,
-2.061172e+001,
-2.047804e+001,
-2.034203e+001,
-2.005548e+001,
-1.961716e+001,
-1.926367e+001,
-1.901672e+001,
-1.885262e+001,
-1.874088e+001,
-1.868979e+001,
-1.865858e+001,
-1.861004e+001,
-1.853963e+001,
-1.835178e+001,
-1.821107e+001,
-1.811030e+001,
-1.804247e+001,
-1.801394e+001,
-1.800199e+001,
-1.790480e+001,
-1.783166e+001,
-1.775601e+001,
-1.769172e+001,
-1.764606e+001,
-1.761331e+001,
-1.750928e+001,
-1.742309e+001,
-1.732019e+001,
-1.721437e+001,
-1.711478e+001,
-1.701139e+001,
-1.692252e+001,
-1.686319e+001,
-1.681628e+001,
-1.678326e+001,
-1.676349e+001,
-1.675616e+001,
-1.674681e+001,
-1.671894e+001,
-1.667769e+001,
-1.664688e+001,
-1.658561e+001,
-1.652080e+001,
-1.647433e+001,
-1.644297e+001,
-1.642156e+001,
-1.640910e+001,
-1.640587e+001,
-1.641652e+001,
-1.642844e+001,
-1.643759e+001,
-1.644242e+001,
-1.644538e+001,
-1.644686e+001,
-1.644350e+001,
-1.643127e+001,
-1.642180e+001,
-1.641493e+001,
-1.641027e+001,
-1.641239e+001,
-1.641612e+001,
-1.641802e+001,
-1.641365e+001,
-1.641011e+001,
-1.640725e+001,
-1.640416e+001,
-1.639364e+001,
-1.638582e+001,
-1.638034e+001,
-1.637672e+001,
-1.638960e+001,
-1.640465e+001,
-1.642957e+001,
-1.644593e+001,
-1.645979e+001,
-1.647346e+001,
-1.648240e+001,
-1.648284e+001,
-1.648249e+001,
-1.648158e+001,
-1.648065e+001,
-1.647989e+001,
-1.649073e+001,
-1.650055e+001,
-1.652048e+001,
-1.652514e+001,
-1.652778e+001,
-1.652387e+001,
-1.650895e+001,
-1.649580e+001,
-1.646808e+001,
-1.644752e+001,
-1.643317e+001,
-1.642386e+001,
-1.641834e+001,
-1.640733e+001,
-1.639476e+001,
-1.637084e+001,
-1.635156e+001,
-1.633770e+001,
-1.632837e+001,
-1.632266e+001,
-1.632932e+001,
-1.634780e+001,
-1.637084e+001,
-1.639240e+001,
-1.642158e+001,
-1.644533e+001,
-1.646674e+001,
-1.648105e+001,
-1.650181e+001,
-1.652007e+001,
-1.653257e+001,
-1.653981e+001,
-1.654411e+001,
-1.655461e+001,
-1.656192e+001,
-1.656682e+001,
-1.657537e+001,
-1.658171e+001,
-1.658607e+001,
-1.658866e+001,
-1.659009e+001,
-1.659573e+001,
-1.659983e+001,
-1.660269e+001,
-1.661288e+001,
-1.663240e+001,
-1.666330e+001,
-1.668631e+001,
-1.670882e+001,
-1.673125e+001,
-1.674655e+001,
-1.674937e+001,
-1.674967e+001,
-1.675055e+001,
-1.675065e+001,
-1.674828e+001,
-1.674644e+001,
-1.674521e+001,
-1.674448e+001,
-1.674086e+001,
-1.673812e+001,
-1.673877e+001,
-1.673948e+001,
-1.674015e+001,
-1.676490e+001,
-1.679005e+001,
-1.682273e+001,
-1.688828e+001,
-1.697441e+001,
-1.716224e+001,
-1.732725e+001,
-1.744681e+001,
-1.752824e+001,
-1.757911e+001,
-1.760697e+001,
-1.761861e+001,
-1.761221e+001,
-1.760489e+001,
-1.759921e+001,
-1.759525e+001,
-1.760875e+001,
-1.763046e+001,
-1.765615e+001,
-1.767539e+001,
-1.768001e+001,
-1.767730e+001,
-1.766178e+001,
-1.764064e+001,
-1.760545e+001,
-1.756775e+001,
-1.754066e+001,
-1.752239e+001,
-1.750991e+001,
-1.750004e+001,
-1.749437e+001,
-1.749073e+001,
-1.748507e+001,
-1.747675e+001,
-1.746341e+001,
-1.745357e+001,
-1.744556e+001,
-1.743544e+001,
-1.742534e+001,
-1.741683e+001,
-1.741112e+001,
-1.740908e+001,
-1.740813e+001,
-1.741262e+001,
-1.741792e+001,
-1.742451e+001,
-1.743343e+001,
-1.743990e+001,
-1.746992e+001,
-1.749250e+001,
-1.750524e+001,
-1.751356e+001,
-1.748297e+001,
-1.745802e+001,
-1.743061e+001,
-1.740275e+001,
-1.738252e+001,
-1.735970e+001,
-1.733757e+001,
-1.732276e+001,
-1.729732e+001,
-1.726990e+001,
-1.721351e+001,
-1.717195e+001,
-1.713270e+001,
-1.705352e+001,
-1.697293e+001,
-1.689272e+001,
-1.680109e+001,
-1.667750e+001,
-1.657626e+001,
-1.644580e+001,
-1.633545e+001,
-1.623710e+001,
-1.613856e+001,
-1.607134e+001,
-1.602841e+001,
-1.600276e+001,
-1.598887e+001,
-1.598857e+001,
-1.599108e+001,
-1.600252e+001,
-1.603512e+001,
-1.608068e+001,
-1.613307e+001,
-1.619987e+001,
-1.625704e+001,
-1.631271e+001,
-1.637138e+001,
-1.642377e+001,
-1.646484e+001,
-1.648626e+001,
-1.650425e+001,
-1.651622e+001,
-1.652299e+001,
-1.652648e+001,
-1.653727e+001,
-1.655813e+001,
-1.657598e+001,
-1.658603e+001,
-1.659546e+001,
-1.660610e+001,
-1.661313e+001,
-1.661744e+001,
-1.664837e+001,
-1.667284e+001,
-1.669074e+001,
-1.670200e+001,
-1.668161e+001,
-1.666430e+001,
-1.665027e+001,
-1.663114e+001,
-1.661745e+001,
-1.662002e+001,
-1.662368e+001,
-1.662758e+001,
-1.664252e+001,
-1.667127e+001,
-1.669548e+001,
-1.671283e+001,
-1.675341e+001,
-1.678661e+001,
-1.684376e+001,
-1.693693e+001,
-1.706500e+001,
-1.731047e+001,
-1.750464e+001,
-1.764893e+001,
-1.774766e+001,
-1.780860e+001,
-1.784152e+001,
-1.785596e+001,
-1.786027e+001,
-1.788019e+001,
-1.790874e+001,
-1.791666e+001,
-1.792161e+001,
-1.793426e+001,
-1.794287e+001,
-1.794834e+001,
-1.795157e+001,
-1.796702e+001,
-1.796306e+001,
-1.795937e+001,
-1.795600e+001,
-1.795067e+001,
-1.794665e+001,
-1.795010e+001,
-1.794685e+001,
-1.792648e+001,
-1.791100e+001,
-1.789957e+001,
-1.788839e+001,
-1.788077e+001,
-1.787964e+001,
-1.787989e+001,
-1.788085e+001,
-1.788653e+001,
-1.791927e+001,
-1.794438e+001,
-1.792379e+001,
-1.790637e+001,
-1.789215e+001,
-1.788109e+001,
-1.786618e+001,
-1.786976e+001,
-1.785994e+001,
-1.782265e+001,
-1.779453e+001,
-1.777386e+001,
-1.775953e+001,
-1.775037e+001,
-1.773793e+001,
-1.773008e+001,
-1.772542e+001,
-1.772251e+001,
-1.773627e+001,
-1.776845e+001,
-1.779361e+001,
-1.781178e+001,
-1.782420e+001,
-1.783765e+001,
-1.784615e+001,
-1.785105e+001,
-1.785367e+001,
-1.789511e+001,
-1.793329e+001,
-1.796027e+001,
-1.795851e+001,
-1.795479e+001,
-1.795001e+001,
-1.794502e+001,
-1.792610e+001,
-1.791195e+001,
-1.792298e+001,
-1.791215e+001,
-1.788613e+001,
-1.786649e+001,
-1.785229e+001,
-1.784255e+001,
-1.783195e+001,
-1.780255e+001,
-1.778004e+001,
-1.776428e+001,
-1.774228e+001,
-1.772674e+001,
-1.771649e+001,
-1.774617e+001,
-1.774573e+001,
-1.774542e+001,
-1.774485e+001,
-1.773638e+001,
-1.772935e+001,
-1.772374e+001,
-1.772968e+001,
-1.773504e+001,
-1.773964e+001,
-1.774524e+001,
-1.773534e+001,
-1.769831e+001,
-1.766958e+001,
-1.764830e+001,
-1.763357e+001,
-1.762676e+001,
-1.767480e+001,
-1.771984e+001,
-1.775445e+001,
-1.777913e+001,
-1.779602e+001,
-1.781062e+001,
-1.781902e+001,
-1.781423e+001,
-1.780945e+001,
-1.780562e+001,
-1.780275e+001,
-1.780581e+001,
-1.780848e+001,
-1.779938e+001,
-1.779245e+001,
-1.778203e+001,
-1.777420e+001,
-1.776863e+001,
-1.776812e+001,
-1.776534e+001,
-1.776690e+001,
-1.776886e+001,
-1.777044e+001,
-1.777612e+001,
-1.779434e+001,
-1.781179e+001,
-1.783576e+001,
-1.783849e+001,
-1.782984e+001,
-1.782192e+001,
-1.781508e+001,
-1.780966e+001,
-1.780592e+001,
-1.780773e+001,
-1.780992e+001,
-1.781343e+001,
-1.778496e+001,
-1.776053e+001,
-1.774220e+001,
-1.772916e+001,
-1.772058e+001,
-1.772231e+001,
-1.773108e+001,
-1.773291e+001,
-1.773213e+001,
-1.772762e+001,
-1.772378e+001,
-1.772067e+001,
-1.771834e+001,
-1.772887e+001,
-1.775787e+001,
-1.777037e+001,
-1.776860e+001,
-1.777660e+001,
-1.778176e+001,
-1.777637e+001,
-1.777146e+001,
-1.776771e+001,
-1.776519e+001,
-1.776365e+001,
-1.776267e+001,
-1.772578e+001,
-1.769764e+001,
-1.767695e+001,
-1.766251e+001,
-1.770374e+001,
-1.773755e+001,
-1.776415e+001,
-1.776054e+001,
-1.775560e+001,
-1.774968e+001,
-1.771483e+001,
-1.757308e+001,
-1.724318e+001,
-1.699777e+001,
-1.679244e+001,
-1.660334e+001,
-1.645011e+001,
-1.635227e+001,
-1.629506e+001,
-1.629144e+001,
-1.759414e+001,
-1.877135e+001,
-1.969408e+001,
-2.038162e+001,
-2.087002e+001,
-2.112344e+001,
-2.121358e+001,
-2.114988e+001,
-2.107727e+001,
-2.096723e+001,
-2.075479e+001,
-2.054982e+001,
-2.040425e+001,
-2.026689e+001,
-1.988389e+001,
